1.302083372138440609e-03,1.019307645037770271e-03,1.660485053434967995e-03,1.321811811067163944e-03
1.364557072520256042e-03,9.995790896937251091e-04,1.305371406488120556e-03,1.085069496184587479e-03
1.226457301527261734e-03,1.098221749998629093e-03,7.036511087790131569e-04,7.168034790083765984e-04
4.438920586835592985e-04,5.523989675566554070e-04,3.912826068699359894e-04,2.827756688930094242e-04
4.603324923664331436e-04,5.655513377860188484e-04,3.682659880723804235e-04,2.696233277674764395e-04
4.669086774811148643e-04,5.589751526713371277e-04,3.748421731870621443e-04,2.893518540076911449e-04
4.504682146944105625e-04,5.260942853055894375e-04,3.649778955150395632e-04,3.156565653625875711e-04
4.537563072517514229e-04,5.655513377860188484e-04,3.551136469468474388e-04,2.630471426527947187e-04
4.570443998090922832e-04,5.326704704202711582e-04,3.748421731870621443e-04,2.959280391223728657e-04
4.504682146944105625e-04,5.523989675566554070e-04,3.485374618321657181e-04,2.564709575381129980e-04
4.570443998090922832e-04,5.523989675566554070e-04,3.682659880723804235e-04,2.959280391223728657e-04
4.471801221370697021e-04,5.589751526713371277e-04,3.649778955150395632e-04,2.761994837783277035e-04
5.425347480922937393e-04,6.510416860692203045e-04,6.543297786265611649e-04,5.655513377860188484e-04
4.373158735688775778e-04,5.523989675566554070e-04,4.110111622139811516e-04,2.827756688930094242e-04
4.175873182248324156e-04,5.260942853055894375e-04,3.814183583017438650e-04,2.696233277674764395e-04
4.438920586835592985e-04,5.852798931300640106e-04,3.682659880723804235e-04,2.564709575381129980e-04
4.504682146944105625e-04,5.589751526713371277e-04,2.071496273856610060e-04,9.206649701809510589e-05
4.340277810115367174e-04,5.458227824419736862e-04,2.827756688930094242e-04,1.907091791508719325e-04
4.406039661262184381e-04,5.589751526713371277e-04,4.175873182248324156e-04,3.353850916028022766e-04
4.504682146944105625e-04,5.589751526713371277e-04,3.649778955150395632e-04,3.025041951332241297e-04
4.406039661262184381e-04,5.918560782447457314e-04,3.320969990454614162e-04,2.104377053910866380e-04
4.274515958968549967e-04,5.589751526713371277e-04,3.584017395041882992e-04,1.907091791508719325e-04
4.504682146944105625e-04,5.852798931300640106e-04,3.715540806297212839e-04,2.498947724234312773e-04
4.406039661262184381e-04,5.589751526713371277e-04,3.485374618321657181e-04,1.972853497136384249e-04
4.537563072517514229e-04,5.523989675566554070e-04,3.978587919846177101e-04,2.696233277674764395e-04
4.438920586835592985e-04,5.523989675566554070e-04,3.978587919846177101e-04,2.433186018606647849e-04
4.373158735688775778e-04,5.523989675566554070e-04,3.978587919846177101e-04,3.156565653625875711e-04
5.819918005727231503e-04,6.444655009545385838e-04,4.669086774811148643e-04,2.959280391223728657e-04
5.260942853055894375e-04,5.787037080153822899e-04,3.452493692748248577e-04,1.907091791508719325e-04
5.655513377860188484e-04,5.655513377860188484e-04,2.005734422709792852e-04,8.549031917937099934e-05
5.819918005727231503e-04,6.050083902664482594e-04,2.663352352101355791e-04,1.117950305342674255e-04
5.392466555349528790e-04,5.721275229007005692e-04,2.729113912209868431e-04,1.380997418891638517e-04
5.556870601139962673e-04,6.050083902664482594e-04,2.564709575381129980e-04,1.315235713263973594e-04
5.359585629776120186e-04,5.655513377860188484e-04,2.433186018606647849e-04,1.117950305342674255e-04
5.491108749993145466e-04,5.721275229007005692e-04,1.972853497136384249e-04,6.576178566319867969e-05
5.195181001909077168e-04,5.589751526713371277e-04,2.137257979484274983e-04,8.549031917937099934e-05
5.589751526713371277e-04,6.050083902664482594e-04,2.926399465650320053e-04,1.644044677959755063e-04
5.721275229007005692e-04,5.918560782447457314e-04,2.367424312978982925e-04,9.206649701809510589e-05
5.589751526713371277e-04,5.589751526713371277e-04,2.301662461832165718e-04,9.864267485681921244e-05
5.523989675566554070e-04,5.918560782447457314e-04,2.597590500954538584e-04,1.183712156489491463e-04
5.523989675566554070e-04,5.655513377860188484e-04,2.433186018606647849e-04,9.206649701809510589e-05
5.293823778629302979e-04,5.392466555349528790e-04,2.071496273856610060e-04,5.918560782447457314e-05
5.195181001909077168e-04,5.589751526713371277e-04,2.663352352101355791e-04,1.249473862117156386e-04
5.195181001909077168e-04,5.458227824419736862e-04,2.761994837783277035e-04,1.512520975666120648e-04
5.721275229007005692e-04,5.787037080153822899e-04,2.038615348283201456e-04,1.249473862117156386e-04
5.326704704202711582e-04,5.852798931300640106e-04,2.104377053910866380e-04,6.576178566319867969e-05
5.787037080153822899e-04,5.852798931300640106e-04,2.926399465650320053e-04,1.512520975666120648e-04
5.852798931300640106e-04,5.918560782447457314e-04,3.189446579199284315e-04,1.578282826812937856e-04
5.458227824419736862e-04,5.655513377860188484e-04,2.761994837783277035e-04,1.183712156489491463e-04
5.655513377860188484e-04,5.787037080153822899e-04,2.367424312978982925e-04,1.512520975666120648e-04
5.491108749993145466e-04,5.392466555349528790e-04,3.288089355919510126e-04,1.972853497136384249e-04
1.226457301527261734e-03,1.012731459923088551e-03,1.634180312976241112e-03,1.420454587787389755e-03
1.630892278626561165e-03,1.019307645037770271e-03,2.913247095420956612e-03,1.841329969465732574e-03
1.838041935116052628e-03,1.196864526718854904e-03,1.048900419846177101e-03,9.140887996181845665e-04
1.778856269083917141e-03,1.052188570611178875e-03,9.995790896937251091e-04,1.025883830152451992e-03
1.742687309160828590e-03,1.052188570611178875e-03,1.828177599236369133e-03,1.341540366411209106e-03
1.676925458014011383e-03,1.144255045801401138e-03,1.157407416030764580e-03,1.098221749998629093e-03
1.045612385496497154e-03,8.154461393132805824e-04,2.959280391223728657e-04,3.419612767174839973e-04
1.085069496184587479e-03,8.154461393132805824e-04,2.893518540076911449e-04,2.761994837783277035e-04
1.012731459923088551e-03,8.088699541985988617e-04,3.715540806297212839e-04,3.814183583017438650e-04
1.071917125955224037e-03,8.549031917937099934e-04,5.458227824419736862e-04,6.247369456104934216e-04
1.035748049616813660e-03,8.088699541985988617e-04,6.773463683202862740e-04,7.102272938936948776e-04
1.094933715648949146e-03,8.285985095426440239e-04,4.241635033395141363e-04,4.537563072517514229e-04
1.052188570611178875e-03,8.220223244279623032e-04,2.630471426527947187e-04,2.104377053910866380e-04
1.025883830152451992e-03,8.088699541985988617e-04,3.156565653625875711e-04,3.682659880723804235e-04
1.045612385496497154e-03,7.957175839692354202e-04,4.471801221370697021e-04,5.589751526713371277e-04
1.048900419846177101e-03,8.483270066790282726e-04,1.328387996181845665e-03,1.052188570611178875e-03
4.504682146944105625e-04,4.208754107821732759e-04,6.313131307251751423e-04,6.510416860692203045e-04
4.603324923664331436e-04,4.406039661262184381e-04,3.222327504772692919e-04,3.222327504772692919e-04
4.537563072517514229e-04,4.669086774811148643e-04,3.616898029576987028e-04,3.814183583017438650e-04
4.537563072517514229e-04,4.669086774811148643e-04,3.682659880723804235e-04,3.419612767174839973e-04
5.063657299615442753e-04,4.603324923664331436e-04,3.616898029576987028e-04,2.827756688930094242e-04
4.570443998090922832e-04,4.471801221370697021e-04,3.814183583017438650e-04,2.893518540076911449e-04
5.195181001909077168e-04,4.866372037213295698e-04,2.597590500954538584e-04,2.893518540076911449e-04
4.866372037213295698e-04,4.800610186066478491e-04,2.334543387405574322e-04,2.367424312978982925e-04
4.833491111639887094e-04,4.800610186066478491e-04,3.649778955150395632e-04,3.879945143125951290e-04
4.636205849237740040e-04,4.669086774811148643e-04,3.386731841601431370e-04,3.616898029576987028e-04
4.866372037213295698e-04,4.603324923664331436e-04,5.030776374042034149e-04,5.392466555349528790e-04
5.260942853055894375e-04,4.734848625957965851e-04,4.208754107821732759e-04,4.603324923664331436e-04
4.471801221370697021e-04,4.603324923664331436e-04,3.353850916028022766e-04,2.630471426527947187e-04
7.924294914118945599e-04,7.562605314888060093e-04,8.055818616412580013e-04,8.417508215643465519e-04
1.160695450380444527e-03,9.140887996181845665e-04,1.144255045801401138e-03,1.052188570611178875e-03
1.131102675572037697e-03,8.877841173671185970e-04,4.603324923664331436e-04,4.340277810115367174e-04
1.210016780532896519e-03,9.140887996181845665e-04,8.088699541985988617e-04,6.904987385496497154e-04
1.223169150762259960e-03,9.666982223279774189e-04,3.057922876905649900e-04,3.748421731870621443e-04
1.183712156489491463e-03,9.009364293888211250e-04,3.616898029576987028e-04,3.551136469468474388e-04
1.206728746183216572e-03,1.006155274808406830e-03,5.589751526713371277e-04,6.313131307251751423e-04
1.298795221373438835e-03,1.025883830152451992e-03,6.806344608776271343e-04,6.839225534349679947e-04
1.321811811067163944e-03,1.065340940840542316e-03,2.794875763356685638e-04,2.235900610685348511e-04
1.177135971374809742e-03,9.140887996181845665e-04,5.392466555349528790e-04,5.721275229007005692e-04
1.163983601145446301e-03,8.943602442741394043e-04,5.754156154580414295e-04,6.576178711839020252e-04
1.213304931297898293e-03,9.403935400769114494e-04,5.984322633594274521e-04,6.839225534349679947e-04
1.163983601145446301e-03,9.403935400769114494e-04,6.477535935118794441e-04,6.970749236643314362e-04
1.180424005724489689e-03,9.338173549622297287e-04,5.030776374042034149e-04,5.984322633594274521e-04
1.163983601145446301e-03,9.075126145035028458e-04,6.280250381678342819e-04,6.904987385496497154e-04
1.173847820609807968e-03,9.009364293888211250e-04,5.129419150762259960e-04,5.195181001909077168e-04
1.180424005724489689e-03,9.206649847328662872e-04,8.022937690839171410e-04,7.365319761447608471e-04
1.193576375953853130e-03,9.535458520986139774e-04,6.839225534349679947e-04,7.365319761447608471e-04
1.223169150762259960e-03,9.601220372132956982e-04,5.523989675566554070e-04,6.773463683202862740e-04
1.039036200381815434e-03,9.075126145035028458e-04,7.628367166034877300e-04,7.562605314888060093e-04
4.997895448468625546e-04,4.537563072517514229e-04,2.170138905057683587e-04,2.170138905057683587e-04
5.228061927482485771e-04,4.800610186066478491e-04,4.965014522895216942e-04,4.603324923664331436e-04
4.965014522895216942e-04,4.669086774811148643e-04,3.616898029576987028e-04,3.156565653625875711e-04
4.997895448468625546e-04,4.734848625957965851e-04,2.498947724234312773e-04,2.367424312978982925e-04
5.063657299615442753e-04,4.603324923664331436e-04,3.945706994272768497e-04,4.077230696566402912e-04
5.293823778629302979e-04,4.866372037213295698e-04,2.203019830631092191e-04,2.498947724234312773e-04
4.899252671748399734e-04,4.603324923664331436e-04,2.268781536258757114e-04,2.235900610685348511e-04
5.030776374042034149e-04,4.866372037213295698e-04,3.419612767174839973e-04,4.011468845419585705e-04
5.260942853055894375e-04,4.734848625957965851e-04,3.090803802479058504e-04,3.288089355919510126e-04
4.997895448468625546e-04,4.669086774811148643e-04,4.011468845419585705e-04,3.156565653625875711e-04
5.260942853055894375e-04,4.800610186066478491e-04,2.498947724234312773e-04,1.972853497136384249e-04
5.260942853055894375e-04,4.603324923664331436e-04,5.096538225188851357e-04,4.734848625957965851e-04
5.359585629776120186e-04,4.997895448468625546e-04,6.773463683202862740e-04,6.378893158398568630e-04
5.063657299615442753e-04,4.669086774811148643e-04,6.181607604958117008e-04,6.247369456104934216e-04
5.063657299615442753e-04,4.669086774811148643e-04,3.090803802479058504e-04,2.104377053910866380e-04
4.833491111639887094e-04,4.734848625957965851e-04,4.208754107821732759e-04,3.682659880723804235e-04
4.899252671748399734e-04,4.734848625957965851e-04,3.057922876905649900e-04,3.090803802479058504e-04
5.326704704202711582e-04,4.997895448468625546e-04,2.433186018606647849e-04,1.841329940361902118e-04
5.129419150762259960e-04,4.669086774811148643e-04,4.570443998090922832e-04,3.945706994272768497e-04
4.932133597321808338e-04,4.603324923664331436e-04,2.630471426527947187e-04,2.367424312978982925e-04
4.866372037213295698e-04,4.669086774811148643e-04,2.005734422709792852e-04,1.512520975666120648e-04
5.162300076335668564e-04,4.603324923664331436e-04,3.156565653625875711e-04,2.564709575381129980e-04
5.228061927482485771e-04,4.800610186066478491e-04,1.775568234734237194e-04,1.709806383587419987e-04
5.129419150762259960e-04,4.734848625957965851e-04,4.603324923664331436e-04,4.669086774811148643e-04
