1.272490480914711952e-03,1.242897706106305122e-03,2.278645755723118782e-03,3.255208255723118782e-03
1.331676146946847439e-03,1.302083372138440609e-03,1.331676146946847439e-03,1.361268921755254269e-03
1.302083372138440609e-03,1.302083372138440609e-03,7.102272938936948776e-04,7.102272938936948776e-04
4.438920586835592985e-04,4.142992547713220119e-04,2.959280391223728657e-04,1.183712156489491463e-04
4.438920586835592985e-04,4.142992547713220119e-04,2.959280391223728657e-04,1.775568234734237194e-04
4.438920586835592985e-04,4.142992547713220119e-04,1.775568234734237194e-04,5.918560782447457314e-05
4.734848625957965851e-04,4.142992547713220119e-04,1.775568234734237194e-04,5.918560782447457314e-05
3.847064508590847254e-04,2.959280391223728657e-04,1.479640195611864328e-04,0.000000000000000000e+00
4.438920586835592985e-04,4.142992547713220119e-04,1.775568234734237194e-04,5.918560782447457314e-05
4.438920586835592985e-04,4.142992547713220119e-04,1.479640195611864328e-04,0.000000000000000000e+00
4.734848625957965851e-04,4.142992547713220119e-04,1.775568234734237194e-04,5.918560782447457314e-05
3.847064508590847254e-04,2.959280391223728657e-04,2.367424312978982925e-04,5.918560782447457314e-05
7.694129017181694508e-04,1.006155274808406830e-03,6.214488530531525612e-04,6.510416860692203045e-04
7.398200687021017075e-04,9.469697251915931702e-04,3.255208430346101522e-04,4.734848625957965851e-04
6.806344608776271343e-04,8.285985095426440239e-04,2.367424312978982925e-04,4.142992547713220119e-04
6.806344608776271343e-04,8.285985095426440239e-04,2.367424312978982925e-04,4.734848625957965851e-04
7.102272938936948776e-04,8.877841173671185970e-04,1.775568234734237194e-04,3.551136469468474388e-04
7.398200687021017075e-04,9.469697251915931702e-04,2.367424312978982925e-04,4.734848625957965851e-04
7.398200687021017075e-04,9.469697251915931702e-04,4.142992547713220119e-04,5.326704704202711582e-04
7.398200687021017075e-04,9.469697251915931702e-04,4.142992547713220119e-04,4.734848625957965851e-04
7.102272938936948776e-04,8.877841173671185970e-04,3.255208430346101522e-04,3.551136469468474388e-04
7.398200687021017075e-04,9.469697251915931702e-04,1.183712156489491463e-04,2.367424312978982925e-04
7.102272938936948776e-04,8.877841173671185970e-04,2.663352352101355791e-04,4.734848625957965851e-04
7.102272938936948776e-04,8.877841173671185970e-04,2.663352352101355791e-04,4.734848625957965851e-04
7.102272938936948776e-04,8.285985095426440239e-04,4.438920586835592985e-04,4.142992547713220119e-04
8.581912843510508537e-04,1.124526490457355976e-03,2.367424312978982925e-04,3.551136469468474388e-04
7.694129017181694508e-04,1.006155274808406830e-03,2.959280391223728657e-04,4.734848625957965851e-04
8.285985095426440239e-04,1.065340940840542316e-03,4.438920586835592985e-04,4.142992547713220119e-04
7.694129017181694508e-04,1.006155274808406830e-03,3.847064508590847254e-04,2.367424312978982925e-04
7.398200687021017075e-04,1.006155274808406830e-03,8.877841173671185970e-05,0.000000000000000000e+00
7.102272938936948776e-04,9.469697251915931702e-04,1.183712156489491463e-04,0.000000000000000000e+00
7.398200687021017075e-04,9.469697251915931702e-04,1.479640195611864328e-04,0.000000000000000000e+00
8.581912843510508537e-04,1.183712156489491463e-03,2.367424312978982925e-04,0.000000000000000000e+00
8.285985095426440239e-04,1.183712156489491463e-03,2.367424312978982925e-04,0.000000000000000000e+00
8.581912843510508537e-04,1.183712156489491463e-03,2.959280391223728657e-05,0.000000000000000000e+00
7.694129017181694508e-04,1.006155274808406830e-03,1.183712156489491463e-04,0.000000000000000000e+00
8.285985095426440239e-04,1.183712156489491463e-03,1.775568234734237194e-04,1.183712156489491463e-04
7.990056765265762806e-04,1.065340940840542316e-03,2.959280391223728657e-05,5.918560782447457314e-05
7.694129017181694508e-04,1.006155274808406830e-03,0.000000000000000000e+00,0.000000000000000000e+00
7.102272938936948776e-04,8.877841173671185970e-04,1.183712156489491463e-04,1.183712156489491463e-04
7.990056765265762806e-04,1.124526490457355976e-03,2.959280391223728657e-05,5.918560782447457314e-05
7.694129017181694508e-04,1.006155274808406830e-03,2.959280391223728657e-05,0.000000000000000000e+00
7.694129017181694508e-04,1.006155274808406830e-03,4.142992547713220119e-04,2.959280391223728657e-04
8.285985095426440239e-04,1.124526490457355976e-03,4.142992547713220119e-04,3.551136469468474388e-04
7.398200687021017075e-04,9.469697251915931702e-04,2.367424312978982925e-04,0.000000000000000000e+00
8.581912843510508537e-04,1.183712156489491463e-03,8.877841173671185970e-05,0.000000000000000000e+00
8.285985095426440239e-04,1.124526490457355976e-03,5.918560782447457314e-05,0.000000000000000000e+00
7.694129017181694508e-04,1.006155274808406830e-03,2.071496273856610060e-04,0.000000000000000000e+00
7.694129017181694508e-04,1.065340940840542316e-03,1.775568234734237194e-04,0.000000000000000000e+00
8.877841173671185970e-04,1.242897706106305122e-03,2.367424312978982925e-04,1.775568234734237194e-04
7.398200687021017075e-04,9.469697251915931702e-04,4.438920586835592985e-04,3.551136469468474388e-04
1.272490480914711952e-03,1.420454587787389755e-03,2.456202637404203415e-03,3.669507568702101707e-03
1.272490480914711952e-03,1.420454587787389755e-03,4.024621099233627319e-03,6.687973625957965851e-03
1.420454587787389755e-03,1.775568234734237194e-03,1.509232912212610245e-03,1.953125000000000000e-03
1.331676146946847439e-03,1.538825803436338902e-03,1.509232912212610245e-03,2.485795412212610245e-03
1.509232912212610245e-03,1.893939450383186340e-03,2.219460206106305122e-03,3.136837156489491463e-03
1.538825803436338902e-03,1.834753784351050854e-03,1.893939450383186340e-03,2.722537843510508537e-03
1.094933715648949146e-03,1.242897706106305122e-03,4.734848625957965851e-04,5.326704704202711582e-04
1.154119265265762806e-03,1.302083372138440609e-03,2.367424312978982925e-04,0.000000000000000000e+00
1.302083372138440609e-03,1.598011353053152561e-03,1.775568234734237194e-04,1.183712156489491463e-04
1.065340940840542316e-03,1.183712156489491463e-03,5.622632452286779881e-04,8.877841173671185970e-04
1.242897706106305122e-03,1.479640137404203415e-03,6.806344608776271343e-04,1.006155274808406830e-03
1.302083372138440609e-03,1.538825803436338902e-03,2.663352352101355791e-04,2.959280391223728657e-04
1.242897706106305122e-03,1.479640137404203415e-03,2.071496273856610060e-04,2.959280391223728657e-04
1.094933715648949146e-03,1.242897706106305122e-03,3.551136469468474388e-04,1.775568234734237194e-04
1.183712156489491463e-03,1.361268921755254269e-03,6.510416860692203045e-04,5.918560782447457314e-04
1.450047362595796585e-03,1.953125000000000000e-03,1.657197019085288048e-03,2.426609862595796585e-03
8.285985095426440239e-04,1.242897706106305122e-03,5.918560782447457314e-04,7.102272938936948776e-04
8.581912843510508537e-04,1.302083372138440609e-03,1.183712156489491463e-04,1.183712156489491463e-04
8.285985095426440239e-04,1.183712156489491463e-03,4.142992547713220119e-04,5.918560782447457314e-04
7.694129017181694508e-04,1.065340940840542316e-03,2.663352352101355791e-04,1.775568234734237194e-04
9.469697251915931702e-04,1.479640137404203415e-03,2.071496273856610060e-04,1.183712156489491463e-04
9.173768921755254269e-04,1.420454587787389755e-03,2.663352352101355791e-04,2.367424312978982925e-04
7.990056765265762806e-04,1.183712156489491463e-03,2.367424312978982925e-04,3.551136469468474388e-04
8.581912843510508537e-04,1.361268921755254269e-03,1.775568234734237194e-04,2.959280391223728657e-04
7.990056765265762806e-04,1.242897706106305122e-03,4.438920586835592985e-04,6.510416860692203045e-04
7.990056765265762806e-04,1.124526490457355976e-03,4.734848625957965851e-04,6.510416860692203045e-04
8.581912843510508537e-04,1.361268921755254269e-03,3.255208430346101522e-04,3.551136469468474388e-04
8.877841173671185970e-04,1.302083372138440609e-03,2.071496273856610060e-04,4.142992547713220119e-04
8.581912843510508537e-04,1.302083372138440609e-03,5.030776374042034149e-04,5.326704704202711582e-04
1.242897706106305122e-03,1.775568234734237194e-03,7.990056765265762806e-04,9.469697251915931702e-04
1.094933715648949146e-03,1.361268921755254269e-03,1.420454587787389755e-03,2.012310549616813660e-03
9.469697251915931702e-04,1.124526490457355976e-03,4.142992547713220119e-04,5.326704704202711582e-04
9.173768921755254269e-04,1.124526490457355976e-03,9.469697251915931702e-04,1.479640137404203415e-03
8.877841173671185970e-04,1.065340940840542316e-03,2.367424312978982925e-04,0.000000000000000000e+00
9.765625000000000000e-04,1.183712156489491463e-03,2.367424312978982925e-04,1.775568234734237194e-04
9.173768921755254269e-04,1.065340940840542316e-03,6.806344608776271343e-04,8.877841173671185970e-04
9.173768921755254269e-04,1.065340940840542316e-03,4.142992547713220119e-04,3.551136469468474388e-04
1.065340940840542316e-03,1.361268921755254269e-03,8.877841173671185970e-05,0.000000000000000000e+00
1.154119265265762806e-03,1.479640137404203415e-03,5.918560782447457314e-04,9.469697251915931702e-04
9.173768921755254269e-04,1.065340940840542316e-03,4.142992547713220119e-04,5.326704704202711582e-04
1.124526490457355976e-03,1.420454587787389755e-03,7.694129017181694508e-04,1.124526490457355976e-03
1.065340940840542316e-03,1.420454587787389755e-03,9.469697251915931702e-04,1.361268921755254269e-03
1.035748049616813660e-03,1.302083372138440609e-03,4.734848625957965851e-04,4.142992547713220119e-04
1.065340940840542316e-03,1.302083372138440609e-03,7.694129017181694508e-04,9.469697251915931702e-04
1.154119265265762806e-03,1.479640137404203415e-03,5.030776374042034149e-04,4.734848625957965851e-04
1.065340940840542316e-03,1.302083372138440609e-03,8.877841173671185970e-04,1.006155274808406830e-03
1.035748049616813660e-03,1.302083372138440609e-03,7.398200687021017075e-04,7.694129017181694508e-04
9.765625000000000000e-04,1.183712156489491463e-03,5.622632452286779881e-04,5.918560782447457314e-04
1.035748049616813660e-03,1.361268921755254269e-03,4.734848625957965851e-04,4.734848625957965851e-04
5.622632452286779881e-04,8.285985095426440239e-04,1.775568234734237194e-04,2.367424312978982925e-04
5.918560782447457314e-04,9.469697251915931702e-04,3.551136469468474388e-04,2.959280391223728657e-04
5.622632452286779881e-04,9.469697251915931702e-04,1.183712156489491463e-04,2.367424312978982925e-04
5.622632452286779881e-04,8.877841173671185970e-04,2.959280391223728657e-04,2.959280391223728657e-04
6.214488530531525612e-04,1.006155274808406830e-03,2.959280391223728657e-04,3.551136469468474388e-04
6.806344608776271343e-04,9.469697251915931702e-04,2.367424312978982925e-04,5.918560782447457314e-05
5.622632452286779881e-04,8.877841173671185970e-04,1.479640195611864328e-04,5.918560782447457314e-05
6.214488530531525612e-04,9.469697251915931702e-04,2.367424312978982925e-04,0.000000000000000000e+00
5.622632452286779881e-04,8.877841173671185970e-04,2.071496273856610060e-04,5.918560782447457314e-05
5.326704704202711582e-04,7.694129017181694508e-04,2.663352352101355791e-04,2.959280391223728657e-04
5.622632452286779881e-04,7.694129017181694508e-04,1.775568234734237194e-04,1.183712156489491463e-04
5.030776374042034149e-04,8.285985095426440239e-04,4.142992547713220119e-04,5.918560782447457314e-04
5.622632452286779881e-04,7.694129017181694508e-04,6.806344608776271343e-04,8.285985095426440239e-04
6.214488530531525612e-04,8.877841173671185970e-04,5.622632452286779881e-04,7.694129017181694508e-04
5.030776374042034149e-04,7.694129017181694508e-04,8.877841173671185970e-05,0.000000000000000000e+00
5.622632452286779881e-04,8.877841173671185970e-04,4.438920586835592985e-04,5.918560782447457314e-04
6.806344608776271343e-04,1.065340940840542316e-03,2.959280391223728657e-04,3.551136469468474388e-04
6.806344608776271343e-04,1.124526490457355976e-03,2.071496273856610060e-04,5.918560782447457314e-05
5.622632452286779881e-04,8.285985095426440239e-04,4.142992547713220119e-04,7.102272938936948776e-04
5.918560782447457314e-04,9.469697251915931702e-04,2.071496273856610060e-04,2.959280391223728657e-04
6.806344608776271343e-04,1.065340940840542316e-03,1.183712156489491463e-04,1.183712156489491463e-04
6.510416860692203045e-04,1.006155274808406830e-03,3.551136469468474388e-04,6.510416860692203045e-04
6.214488530531525612e-04,1.006155274808406830e-03,2.367424312978982925e-04,0.000000000000000000e+00
5.918560782447457314e-04,9.469697251915931702e-04,4.734848625957965851e-04,5.918560782447457314e-04
