8.597088744863867760e-04,8.012820617295801640e-04,1.769497874192893505e-03,2.286992501467466354e-03
9.515224373899400234e-04,1.001602620817720890e-03,1.185229746624827385e-03,1.201923121698200703e-03
9.431757498532533646e-04,9.014423121698200703e-04,7.261618738994002342e-04,8.012820617295801640e-04
3.088274679612368345e-04,3.672542807180434465e-04,3.422142181079834700e-04,3.171741554979234934e-04
3.672542807180434465e-04,4.507211560849100351e-04,3.756009682547301054e-04,3.839476557914167643e-04
3.505609056446701288e-04,4.173344059381633997e-04,3.589075931813567877e-04,3.505609056446701288e-04
3.672542807180434465e-04,4.507211560849100351e-04,3.839476557914167643e-04,4.173344059381633997e-04
3.505609056446701288e-04,4.507211560849100351e-04,3.589075931813567877e-04,3.672542807180434465e-04
3.589075931813567877e-04,4.674145311582833529e-04,3.922943433281034231e-04,4.006410308647900820e-04
3.589075931813567877e-04,4.674145311582833529e-04,3.756009682547301054e-04,3.839476557914167643e-04
3.922943433281034231e-04,5.341880605556070805e-04,3.505609056446701288e-04,3.171741554979234934e-04
4.006410308647900820e-04,5.174946854822337627e-04,3.422142181079834700e-04,3.505609056446701288e-04
5.008013104088604450e-04,6.844284362159669399e-04,4.590678436215966940e-04,4.507211560849100351e-04
3.922943433281034231e-04,4.674145311582833529e-04,3.004807804245501757e-04,3.171741554979234934e-04
3.756009682547301054e-04,4.841079062316566706e-04,2.837874053511768579e-04,2.170138905057683587e-04
4.089877184014767408e-04,4.674145311582833529e-04,2.003205154323950410e-04,1.669337652856484056e-04
4.006410308647900820e-04,4.841079062316566706e-04,2.003205154323950410e-04,1.669337652856484056e-04
3.672542807180434465e-04,4.841079062316566706e-04,2.170138905057683587e-04,1.836271403590217233e-04
3.922943433281034231e-04,5.008013104088604450e-04,2.754407178144901991e-04,2.170138905057683587e-04
3.839476557914167643e-04,4.841079062316566706e-04,3.422142181079834700e-04,3.338675305712968111e-04
3.672542807180434465e-04,5.174946854822337627e-04,1.752804528223350644e-04,1.168536327895708382e-04
3.756009682547301054e-04,4.841079062316566706e-04,1.752804528223350644e-04,1.836271403590217233e-04
3.756009682547301054e-04,4.507211560849100351e-04,1.919738278957083821e-04,1.669337652856484056e-04
3.589075931813567877e-04,4.507211560849100351e-04,2.086672029690816998e-04,2.003205154323950410e-04
3.672542807180434465e-04,5.008013104088604450e-04,2.253605780424550176e-04,2.337072655791416764e-04
4.173344059381633997e-04,5.341880605556070805e-04,2.253605780424550176e-04,1.836271403590217233e-04
3.922943433281034231e-04,5.008013104088604450e-04,2.504006552044302225e-04,1.502403902122750878e-04
8.012820617295801640e-04,1.235309871844947338e-03,4.924546228721737862e-04,5.508814356289803982e-04
7.512019365094602108e-04,1.218616496771574020e-03,3.839476557914167643e-04,4.006410308647900820e-04
8.012820617295801640e-04,1.268696621991693974e-03,2.921340928878635168e-04,2.837874053511768579e-04
7.512019365094602108e-04,1.201923121698200703e-03,3.338675305712968111e-04,3.338675305712968111e-04
7.011218112893402576e-04,1.135149621404707432e-03,3.004807804245501757e-04,3.004807804245501757e-04
7.845886866562068462e-04,1.252003246918320656e-03,2.337072655791416764e-04,2.003205154323950410e-04
7.345085614360868931e-04,1.185229746624827385e-03,3.004807804245501757e-04,2.837874053511768579e-04
7.845886866562068462e-04,1.285389997065067291e-03,3.255208430346101522e-04,3.672542807180434465e-04
7.595486240461468697e-04,1.268696621991693974e-03,2.754407178144901991e-04,3.338675305712968111e-04
8.263221243396401405e-04,1.352163497358560562e-03,3.088274679612368345e-04,3.505609056446701288e-04
7.845886866562068462e-04,1.268696621991693974e-03,2.670940302778035402e-04,2.837874053511768579e-04
8.179754368029534817e-04,1.335470122285187244e-03,2.754407178144901991e-04,2.670940302778035402e-04
8.430154994130134583e-04,1.318776747211813927e-03,2.670940302778035402e-04,3.004807804245501757e-04
7.428552489727735519e-04,1.168536371551454067e-03,2.420539531158283353e-04,3.004807804245501757e-04
7.178151863627135754e-04,1.151842996478080750e-03,2.754407178144901991e-04,3.338675305712968111e-04
7.011218112893402576e-04,1.101762871257960796e-03,3.505609056446701288e-04,3.672542807180434465e-04
6.760817486792802811e-04,1.068376121111214161e-03,3.338675305712968111e-04,4.006410308647900820e-04
7.428552489727735519e-04,1.135149621404707432e-03,2.754407178144901991e-04,3.672542807180434465e-04
7.428552489727735519e-04,1.185229746624827385e-03,2.754407178144901991e-04,2.837874053511768579e-04
6.927751237526535988e-04,1.101762871257960796e-03,2.754407178144901991e-04,3.004807804245501757e-04
7.261618738994002342e-04,1.135149621404707432e-03,3.255208430346101522e-04,3.505609056446701288e-04
7.178151863627135754e-04,1.118456246331334114e-03,2.670940302778035402e-04,2.837874053511768579e-04
7.011218112893402576e-04,1.101762871257960796e-03,3.171741554979234934e-04,3.004807804245501757e-04
7.345085614360868931e-04,1.201923121698200703e-03,3.171741554979234934e-04,3.171741554979234934e-04
1.452323747798800468e-03,1.886351499706506729e-03,2.579126507043838501e-03,3.589075757190585136e-03
1.393896876834332943e-03,1.819577999413013458e-03,4.123263992369174957e-03,5.775908008217811584e-03
1.594217377714812756e-03,1.969818491488695145e-03,1.260349876247346401e-03,1.485710497945547104e-03
1.519097248092293739e-03,1.919738249853253365e-03,1.978165004402399063e-03,2.804487245157361031e-03
1.644297502934932709e-03,2.086672000586986542e-03,2.053285250440239906e-03,2.620860002934932709e-03
1.635950873605906963e-03,2.036591991782188416e-03,1.485710497945547104e-03,1.869658124633133411e-03
7.845886866562068462e-04,8.513621869497001171e-04,2.253605780424550176e-04,2.337072655791416764e-04
8.096287492662668228e-04,8.346688118763267994e-04,1.335470151389017701e-04,1.001602577161975205e-04
8.179754368029534817e-04,9.014423121698200703e-04,2.170138905057683587e-04,1.836271403590217233e-04
7.678953115828335285e-04,8.179754368029534817e-04,5.091479979455471039e-04,6.510416860692203045e-04
7.929353741928935051e-04,8.346688118763267994e-04,6.844284362159669399e-04,8.346688118763267994e-04
8.680555620230734348e-04,9.849092457443475723e-04,3.088274679612368345e-04,2.670940302778035402e-04
7.762419991195201874e-04,8.513621869497001171e-04,1.252003276022151113e-04,1.001602577161975205e-04
8.764022495597600937e-04,9.682158124633133411e-04,1.418937026755884290e-04,6.677350756945088506e-05
7.512019365094602108e-04,7.345085614360868931e-04,3.171741554979234934e-04,2.670940302778035402e-04
9.932558750733733177e-04,1.085069496184587479e-03,1.168536371551454067e-03,1.352163497358560562e-03
5.008013104088604450e-04,6.510416860692203045e-04,5.341880605556070805e-04,6.343483109958469868e-04
5.008013104088604450e-04,6.343483109958469868e-04,2.170138905057683587e-04,2.003205154323950410e-04
4.841079062316566706e-04,6.510416860692203045e-04,2.670940302778035402e-04,2.504006552044302225e-04
4.841079062316566706e-04,6.677350611425936222e-04,2.754407178144901991e-04,4.006410308647900820e-04
5.008013104088604450e-04,6.510416860692203045e-04,3.255208430346101522e-04,3.338675305712968111e-04
5.508814356289803982e-04,7.678953115828335285e-04,2.253605780424550176e-04,2.504006552044302225e-04
5.425347480922937393e-04,7.178151863627135754e-04,3.422142181079834700e-04,4.340277810115367174e-04
5.258413730189204216e-04,7.345085614360868931e-04,2.921340928878635168e-04,3.171741554979234934e-04
5.008013104088604450e-04,6.844284362159669399e-04,4.089877184014767408e-04,5.341880605556070805e-04
5.091479979455471039e-04,7.011218112893402576e-04,3.088274679612368345e-04,4.340277810115367174e-04
5.258413730189204216e-04,7.011218112893402576e-04,2.921340928878635168e-04,2.337072655791416764e-04
5.842681857757270336e-04,8.680555620230734348e-04,3.922943433281034231e-04,5.842681857757270336e-04
4.924546228721737862e-04,6.176549359224736691e-04,2.754407178144901991e-04,2.337072655791416764e-04
8.179754368029534817e-04,1.001602620817720890e-03,7.261618738994002342e-04,7.678953115828335285e-04
8.680555620230734348e-04,9.849092457443475723e-04,1.110109500586986542e-03,1.418936997652053833e-03
8.513621869497001171e-04,9.682158124633133411e-04,2.086672029690816998e-04,2.170138905057683587e-04
9.097889997065067291e-04,9.849092457443475723e-04,5.425347480922937393e-04,5.341880605556070805e-04
8.597088744863867760e-04,9.181356872431933880e-04,2.504006552044302225e-04,2.003205154323950410e-04
8.263221243396401405e-04,8.513621869497001171e-04,3.338675305712968111e-04,4.340277810115367174e-04
8.597088744863867760e-04,9.515224373899400234e-04,4.340277810115367174e-04,4.006410308647900820e-04
8.263221243396401405e-04,8.847489370964467525e-04,4.757612186949700117e-04,4.173344059381633997e-04
8.179754368029534817e-04,8.680555620230734348e-04,1.752804528223350644e-04,1.001602577161975205e-04
7.428552489727735519e-04,7.678953115828335285e-04,4.173344059381633997e-04,3.839476557914167643e-04
9.097889997065067291e-04,1.018295995891094208e-03,4.089877184014767408e-04,3.171741554979234934e-04
8.513621869497001171e-04,9.181356872431933880e-04,4.674145311582833529e-04,4.173344059381633997e-04
8.597088744863867760e-04,9.348290623165667057e-04,5.091479979455471039e-04,6.343483109958469868e-04
8.597088744863867760e-04,9.849092457443475723e-04,5.008013104088604450e-04,7.178151863627135754e-04
8.680555620230734348e-04,9.181356872431933880e-04,5.091479979455471039e-04,6.343483109958469868e-04
9.097889997065067291e-04,1.051682746037840843e-03,4.006410308647900820e-04,3.839476557914167643e-04
9.348290623165667057e-04,1.034989370964467525e-03,5.425347480922937393e-04,5.842681857757270336e-04
8.847489370964467525e-04,1.018295995891094208e-03,5.592281231656670570e-04,5.842681857757270336e-04
9.682158124633133411e-04,1.151842996478080750e-03,3.589075931813567877e-04,2.670940302778035402e-04
9.264823747798800468e-04,9.849092457443475723e-04,7.345085614360868931e-04,8.680555620230734348e-04
5.008013104088604450e-04,6.510416860692203045e-04,1.669337652856484056e-04,1.502403902122750878e-04
5.258413730189204216e-04,6.844284362159669399e-04,3.505609056446701288e-04,3.505609056446701288e-04
5.341880605556070805e-04,7.011218112893402576e-04,2.086672029690816998e-04,2.337072655791416764e-04
6.260016234591603279e-04,8.513621869497001171e-04,2.420539531158283353e-04,2.504006552044302225e-04
5.425347480922937393e-04,7.512019365094602108e-04,2.837874053511768579e-04,3.505609056446701288e-04
5.759214982390403748e-04,7.678953115828335285e-04,3.505609056446701288e-04,4.173344059381633997e-04
4.924546228721737862e-04,6.009615608491003513e-04,1.585870777489617467e-04,1.836271403590217233e-04
5.091479979455471039e-04,6.009615608491003513e-04,2.754407178144901991e-04,2.837874053511768579e-04
5.174946854822337627e-04,6.677350611425936222e-04,2.420539531158283353e-04,2.504006552044302225e-04
5.425347480922937393e-04,6.677350611425936222e-04,3.756009682547301054e-04,5.008013104088604450e-04
5.508814356289803982e-04,6.844284362159669399e-04,2.170138905057683587e-04,3.004807804245501757e-04
5.508814356289803982e-04,6.677350611425936222e-04,4.757612186949700117e-04,6.176549359224736691e-04
5.258413730189204216e-04,6.677350611425936222e-04,5.675748107023537159e-04,6.009615608491003513e-04
5.508814356289803982e-04,6.844284362159669399e-04,4.841079062316566706e-04,5.341880605556070805e-04
5.675748107023537159e-04,7.345085614360868931e-04,1.335470151389017701e-04,1.669337652856484056e-04
5.759214982390403748e-04,7.512019365094602108e-04,3.255208430346101522e-04,4.006410308647900820e-04
5.425347480922937393e-04,6.844284362159669399e-04,2.170138905057683587e-04,2.337072655791416764e-04
5.425347480922937393e-04,6.677350611425936222e-04,2.003205154323950410e-04,2.170138905057683587e-04
5.592281231656670570e-04,7.345085614360868931e-04,3.171741554979234934e-04,3.171741554979234934e-04
5.592281231656670570e-04,7.178151863627135754e-04,2.420539531158283353e-04,1.836271403590217233e-04
5.258413730189204216e-04,6.677350611425936222e-04,1.418937026755884290e-04,1.335470151389017701e-04
5.592281231656670570e-04,7.845886866562068462e-04,2.921340928878635168e-04,3.338675305712968111e-04
5.842681857757270336e-04,7.678953115828335285e-04,1.752804528223350644e-04,1.335470151389017701e-04
5.258413730189204216e-04,6.677350611425936222e-04,3.672542807180434465e-04,4.507211560849100351e-04
